%% Mediciones realizadas para las dos bombas en 60 L/h con el caudalimetro calibrado. Tuve que sacar las primeras mediciones y las últimas por ser muy bajas respecto a lo esperado
%% la media esta dando 98 con un desvío de 8 cuando debería dar cercano a 107 con desvio de 14. 
caudal = [99.822
99.822
99.822
99.822
99.822
99.822
99.822
99.822
99.822
99.822
99.822
99.822
99.822
99.822
99.822
99.822
99.822
99.822
99.822
99.822
99.822
99.822
99.822
99.822
99.822
99.822
99.822
99.822
99.822
99.822
99.822
99.822
99.822
99.822
99.822
99.822
99.822
99.822
99.822
99.822
99.822
99.822
99.822
99.822
99.822
99.822
99.822
99.822
99.822
99.822
99.822
99.822
99.822
99.822
99.822
99.822
99.822
99.822
99.822
99.822
99.822
99.822
99.822
99.822
99.822
99.822
99.822
99.822
99.822
99.822
99.822
99.822
99.822
99.822
99.822
99.822
99.822
99.822
99.822
99.822
99.822
99.822
99.822
99.822
99.822
99.822
99.822
99.822
99.822
99.822
99.822
99.822
99.822
99.822
99.822
99.822
99.822
99.822
99.822
99.822
99.822
99.822
99.822
99.822
99.822
99.822
99.822
99.822
99.822
99.822
99.822
99.822
99.822
99.822
99.822
99.822
99.822
99.822
99.822
99.822
99.822
98.876
98.876
98.876
98.876
98.876
98.876
98.876
98.876
98.876
98.876
98.876
98.876
98.876
98.876
98.876
98.876
98.876
98.876
98.876
98.876
98.876
98.876
98.876
98.876
98.876
98.876
98.876
98.876
98.876
98.876
98.876
98.876
98.876
98.876
98.876
98.876
98.876
98.876
98.876
98.876
98.876
98.876
98.876
98.876
98.876
98.876
98.876
98.876
98.876
98.876
98.876
98.876
98.876
98.876
98.876
98.876
98.876
98.876
98.876
98.876
98.876
98.876
98.876
98.876
98.876
98.876
98.876
98.876
98.876
98.876
98.876
98.876
98.876
98.876
98.876
98.876
98.876
98.876
98.876
98.876
98.876
98.876
98.876
98.876
98.876
98.876
98.876
98.876
98.876
98.876
98.876
98.876
98.876
98.876
98.876
98.876
98.876
98.876
98.876
98.876
98.876
98.876
98.876
98.876
98.876
98.876
98.876
98.876
98.876
98.876
98.876
98.876
98.876
98.876
98.876
98.876
98.876
98.876
98.876
98.876
98.876
96.038
96.038
96.038
96.038
96.038
96.038
96.038
96.038
96.038
96.038
96.038
96.038
96.038
96.038
96.038
96.038
96.038
96.038
96.038
96.038
96.038
96.038
96.038
96.038
96.038
96.038
96.038
96.038
96.038
96.038
96.038
96.038
96.038
96.038
96.038
96.038
96.038
96.038
96.038
96.038
96.038
96.038
96.038
96.038
96.038
96.038
96.038
96.038
96.038
96.038
96.038
96.038
96.038
96.038
96.038
96.038
96.038
96.038
96.038
96.038
96.038
96.038
96.038
96.038
96.038
96.038
96.038
96.038
96.038
96.038
96.038
96.038
96.038
96.038
96.038
96.038
96.038
96.038
96.038
96.038
96.038
96.038
96.038
96.038
96.038
96.038
96.038
96.038
96.038
96.038
96.038
96.038
96.038
96.038
96.038
96.038
96.038
96.038
96.038
96.038
96.038
96.038
96.038
96.038
96.038
96.038
96.038
96.038
96.038
96.038
96.038
96.038
96.038
96.038
96.038
96.038
96.038
96.038
96.038
96.038
96.038
104.553
104.553
104.553
104.553
104.553
104.553
104.553
104.553
104.553
104.553
104.553
104.553
104.553
104.553
104.553
104.553
104.553
104.553
104.553
104.553
104.553
104.553
104.553
104.553
104.553
104.553
104.553
104.553
104.553
104.553
104.553
104.553
104.553
104.553
104.553
104.553
104.553
104.553
104.553
104.553
104.553
104.553
104.553
104.553
104.553
104.553
104.553
104.553
104.553
104.553
104.553
104.553
104.553
104.553
104.553
104.553
104.553
104.553
104.553
104.553
104.553
104.553
104.553
104.553
104.553
104.553
104.553
104.553
104.553
104.553
104.553
104.553
104.553
104.553
104.553
104.553
104.553
104.553
104.553
104.553
104.553
104.553
104.553
104.553
104.553
104.553
104.553
104.553
104.553
104.553
104.553
104.553
104.553
104.553
104.553
104.553
104.553
104.553
104.553
104.553
104.553
104.553
104.553
104.553
104.553
104.553
104.553
111.650
111.650
111.650
111.650
111.650
111.650
111.650
111.650
111.650
111.650
111.650
111.650
111.650
111.650
111.650
111.650
111.650
111.650
111.650
111.650
111.650
111.650
111.650
111.650
111.650
111.650
111.650
111.650
111.650
111.650
111.650
111.650
111.650
111.650
111.650
111.650
111.650
111.650
111.650
111.650
111.650
111.650
111.650
111.650
111.650
111.650
111.650
111.650
111.650
111.650
111.650
111.650
111.650
111.650
111.650
111.650
111.650
111.650
111.650
111.650
111.650
111.650
111.650
111.650
111.650
111.650
111.650
111.650
111.650
111.650
111.650
111.650
111.650
111.650
111.650
111.650
111.650
111.650
111.650
111.650
111.650
111.650
111.650
111.650
111.650
111.650
111.650
111.650
111.650
111.650
111.650
111.650
111.650
111.650
111.650
111.650
111.650
111.650
111.650
111.650
111.650
111.650
111.650
111.650
111.650
111.650
111.650
106.919
106.919
106.919
106.919
106.919
106.919
106.919
106.919
106.919
106.919
106.919
106.919
106.919
106.919
106.919
106.919
106.919
106.919
106.919
106.919
106.919
106.919
106.919
106.919
106.919
106.919
106.919
106.919
106.919
106.919
106.919
106.919
106.919
106.919
106.919
106.919
106.919
106.919
106.919
106.919
106.919
106.919
106.919
106.919
106.919
106.919
106.919
106.919
106.919
106.919
106.919
106.919
106.919
106.919
106.919
106.919
106.919
106.919
106.919
106.919
106.919
106.919
106.919
106.919
106.919
106.919
106.919
106.919
106.919
106.919
106.919
106.919
106.919
106.919
106.919
106.919
106.919
106.919
106.919
106.919
106.919
106.919
106.919
106.919
106.919
106.919
106.919
106.919
106.919
106.919
106.919
106.919
106.919
106.919
106.919
106.919
106.919
106.919
106.919
106.919
106.919
106.919
106.919
106.919
106.919
106.919
106.919
113.542
113.542
113.542
113.542
113.542
113.542
113.542
113.542
113.542
113.542
113.542
113.542
113.542
113.542
113.542
113.542
113.542
113.542
113.542
113.542
113.542
113.542
113.542
113.542
113.542
113.542
113.542
113.542
113.542
113.542
113.542
113.542
113.542
113.542
113.542
113.542
113.542
113.542
113.542
113.542
113.542
113.542
113.542
113.542
113.542
113.542
113.542
113.542
113.542
113.542
113.542
113.542
113.542
113.542
113.542
113.542
113.542
113.542
113.542
113.542
113.542
113.542
113.542
113.542
113.542
113.542
113.542
113.542
113.542
113.542
113.542
113.542
113.542
113.542
113.542
113.542
113.542
113.542
113.542
113.542
113.542
113.542
113.542
113.542
113.542
113.542
113.542
113.542
113.542
113.542
113.542
113.542
113.542
113.542
113.542
113.542
113.542
113.542
113.542
113.542
113.542
113.542
113.542
113.542
113.542
113.542
113.542
107.865
107.865
107.865
107.865
107.865
107.865
107.865
107.865
107.865
107.865
107.865
107.865
107.865
107.865
107.865
107.865
107.865
107.865
107.865
107.865
107.865
107.865
107.865
107.865
107.865
107.865
107.865
107.865
107.865
107.865
107.865
107.865
107.865
107.865
107.865
107.865
107.865
107.865
107.865
107.865
107.865
107.865
107.865
107.865
107.865
107.865
107.865
107.865
107.865
107.865
107.865
107.865
107.865
107.865
107.865
107.865
107.865
107.865
107.865
107.865
107.865
107.865
107.865
107.865
107.865
107.865
107.865
107.865
107.865
107.865
107.865
107.865
107.865
107.865
107.865
107.865
107.865
107.865
107.865
107.865
107.865
107.865
107.865
107.865
107.865
107.865
107.865
107.865
107.865
107.865
107.865
107.865
107.865
107.865
107.865
107.865
107.865
107.865
107.865
107.865
107.865
107.865
107.865
107.865
107.865
107.865
107.865
112.596
112.596
112.596
112.596
112.596
112.596
112.596
112.596
112.596
112.596
112.596
112.596
112.596
112.596
112.596
112.596
112.596
112.596
112.596
112.596
112.596
112.596
112.596
112.596
112.596
112.596
112.596
112.596
112.596
112.596
112.596
112.596
112.596
112.596
112.596
112.596
112.596
112.596
112.596
112.596
112.596
112.596
112.596
112.596
112.596
112.596
112.596
112.596
112.596
112.596
112.596
112.596
112.596
112.596
112.596
112.596
112.596
112.596
112.596
112.596
112.596
112.596
112.596
112.596
112.596
112.596
112.596
112.596
112.596
112.596
112.596
112.596
112.596
112.596
112.596
112.596
112.596
112.596
112.596
112.596
112.596
112.596
112.596
112.596
112.596
112.596
112.596
112.596
112.596
112.596
112.596
112.596
112.596
112.596
112.596
112.596
112.596
112.596
112.596
112.596
112.596
112.596
112.596
112.596
112.596
112.596
112.596
112.123
112.123
112.123
112.123
